    0   13745   54474   90540   13745   92912   92020  106520  135125  121121  230791  147489  227559  193511  151059  224825  148734   69326  170928  198797
13745       0   40091   78743   27711   84171   83613   99854  123664  112730  211196  124165  207965  173917  136677  218230  132684   60857  147186  181279
54474   40091       0   47611   54474   47284   51223   60026   94299   78538  194028   90059  196841  157054  110362  181142  120330   69330  142091  159622
90540   78743   47611       0   92874   53567   72206   76596   99210   48260  189432   77495  200646  149853   73783  137525  145687  102272  137056  119340
13745   27711   54474   92874       0   97250  102421  113932  143054  121704  231409  149027  230359  187218  151059  224645  162799   76233  164864  188057
92912   84171   47284   53567   97250       0   20219   15709   42674   76612  133776   73510  142661  104142   83485  142369   97020   72245   82721   96581
92020   83613   51223   72206  102421   20219       0   15709   37877   92250  136133   86980  133176  104550  112974  173582   90979   30769   82700   96427
106520  99854   60026   76596  113932   15709   15709       0   35050   97628  137051   88388  132460  105650  121296  179095   89072   69353   95302  107110
135125  123664  94299   99210  143054   42674   37877   35050       0  106074  160839   77655  146964  113798  135557  197505   83799   96236  150959  171545
121121  112730  78538   48260  121704   76612   92250   97628  106074       0  104847   73520  205124  149011   60343  108790  146312  102672  141681  118270
230791  211196  194028 189432  231409  133776  136133  137051  160839  104847       0   84191   68392   36198  102267  143630  228212  185356  229953  143676
147489  124165  90059   77495  149027   73510   86980   88388   77655   73520   84191       0   86266   61893   99229  169522   83289   72245  109304   86766
227559  207965  196841 200646  230359  142661  133176  132460  146964  205124   68392   86266       0   55353  102213   86911  226355  179389  215901  138740
193511  173917  157054 149853  187218  104142  104550  105650  113798  149011   36198   61893   55353       0   99754   74498  183146  134932  167889  117647
151059  136677  110362  73783  151059   83485  112974  121296  135557   60343  102267   99229  102213   99754       0   83799  183012  134062  178330  108488
224825  218230  181142 137525  224645  142369  173582  179095  197505  108790  143630  169522   86911   74498   83799       0  226899  192835  236910  117719
148734  132684  120330 145687  162799   97020   90979   89072   83799  146312  228212   83289  226355  183146  183012  226899       0  127554  147186  220282
69326   60857   69330  102272   76233   72245   30769   69353   96236  102672  185356   72245  179389  134932  134062  192835  127554       0   75986  134185
170928  147186  142091 137056  164864   82721   82700   95302  150959  141681  229953  109304  215901  167889  178330  236910  147186   75986       0  209804
198797  181279  159622 119340  188057   96581   96427  107110  171545  118270  143676   86766  138740  117647  108488  117719  220282  134185  209804       0